"" "" "" "" "" "" "ODR" "ERR" "EDR" "FDR" "FIT" "ODR" "ERR" "EDR" "FDR" "FIT"
"res.run" 1 0 0 1 0.979796953754605 0.979806650382878 0.97928 0.979526617804082 0.979466371799351 0 0.00435704012950298 0.97928 0.979303920734641 0.970952059735078 0 -60668.8663266615
"res.run" 2 0 0.1 0.9 0.934366653973965 0.954714688106909 0.93248 0.954340519798465 0.936235505017451 0 0.00582204109620313 0.93248 0.95323453757076 0.932647802831838 0 -59036.0731477046
"res.run" 3 0 0.2 0.8 0.888725835232036 0.926923387140149 0.88748 0.926151040358572 0.887546301281844 0.01 0.00584876614661308 0.88748 0.92523532730423 0.885012622159878 0.01 -56793.8590354748
"res.run" 4 0 0.3 0.7 0.842874497528817 0.895973424211694 0.83792 0.89479992569295 0.841215045443438 0.01 0.00603251357403249 0.83792 0.893519079399177 0.831486116549876 0.01 -54059.0855710561
"res.run" 5 0 0.4 0.6 0.79681264086431 0.861294987463968 0.79522 0.860590312835125 0.796510682338461 0.01 0.00541471676363188 0.79522 0.859370040076963 0.794747265804604 0.01 -51328.2267569506
"res.run" 6 0 0.5 0.5 0.750540265238513 0.822172428836171 0.74818 0.819469415746459 0.739369305260719 0.02 0.00575978915848107 0.74818 0.818576997293272 0.731546478971967 0.02 -47927.5134662365
"res.run" 7 0 0.6 0.4 0.704057370651426 0.777694418685509 0.7045 0.775338072540018 0.702085812288829 0.02 0.0065598297986278 0.7045 0.774049925591452 0.700413439349064 0.02 -44216.6669587178
"res.run" 8 0 0.7 0.3 0.657363957103051 0.726682156362924 0.65364 0.723098307239817 0.65445414771605 0.03 0.00567580910309692 0.65364 0.722851283276259 0.649653187243561 0.03 -39185.2482994643
"res.run" 9 0 0.8 0.2 0.610460024593386 0.667583473464362 0.61074 0.664275147833837 0.58404629338788 0.04 0.00691405849045372 0.61074 0.664150927051067 0.60116287625465 0.03 -34127.8867590185
"res.run" 10 0 0.9 0.1 0.563345573122432 0.598312298826934 0.5606 0.595643296296199 0.506346092309325 0.05 0.00713648868874043 0.5606 0.595649044385747 0.533104068080013 0.05 -27493.4527487091
"res.run" 11 0 1 0 0.516020602690189 0.515997501366762 0.51402 0.505363041121932 0.407923714641488 0.08 0.00836591425412145 0.51402 0.507855302959522 0.470377434841569 0.06 -19032.6905754693
"res.run" 12 0.1 0 0.9 0.88872006570524 0.974543748081562 0.88832 0.974258410232919 0.952492302437251 0 0.00543965271852934 0.88832 0.973627590314255 0.923704745385414 0 -55208.4979530433
"res.run" 13 0.1 0.1 0.8 0.842973231003196 0.946368550913324 0.83962 0.948879517578304 0.883428680279738 0.01 0.00553721551567755 0.83962 0.947373065166363 0.842492342906843 0.01 -53294.9091066317
"res.run" 14 0.1 0.2 0.7 0.797015877339863 0.91480652087591 0.79518 0.916081191686823 0.822655643341187 0.01 0.00564948499781167 0.79518 0.914645445578477 0.790481768329369 0.01 -50901.2713546605
"res.run" 15 0.1 0.3 0.6 0.750848004715241 0.879209214020368 0.74712 0.879961287137233 0.808885591932924 0.01 0.00656469007160905 0.74712 0.878169439210092 0.793593369687568 0.01 -48250.3106032217
"res.run" 16 0.1 0.4 0.5 0.704469613129329 0.838751353923427 0.70206 0.841382616468734 0.768748385775175 0.02 0.00502959724383892 0.70206 0.839487895496869 0.745980981402295 0.02 -45077.6232485104
"res.run" 17 0.1 0.5 0.4 0.657880702582128 0.792366143273726 0.65552 0.786767557473412 0.667559821830364 0.03 0.00474994096309658 0.65552 0.785852117074352 0.65618850120115 0.03 -41349.8581303172
"res.run" 18 0.1 0.6 0.3 0.611081273073639 0.738649936842808 0.61042 0.739292249773039 0.575774853053023 0.04 0.00606803155194057 0.61042 0.735533411256168 0.615586276403373 0.03 -37116.8116151154
"res.run" 19 0.1 0.7 0.2 0.564071324603859 0.67571789479847 0.56388 0.668671561865853 0.541126707184412 0.04 0.00597483973377121 0.56388 0.669578034678314 0.540450930241043 0.04 -32031.5349510384
"res.run" 20 0.1 0.8 0.1 0.516850857172791 0.600978451280545 0.51586 0.602187726037299 0.403077031083519 0.08 0.00837135276828356 0.51586 0.599880295822015 0.445609796036044 0.07 -25612.4618846608
"res.run" 21 0.1 0.9 0 0.469419870780433 0.51076781749931 0.46412 0.505737744369297 0.367396886506169 0.09 0.0111629049839508 0.46412 0.506694251197645 0.407714380647742 0.08 -17175.820686865
"res.run" 22 0.2 0 0.8 0.797220331604237 0.968045783947674 0.79124 0.968992475007534 0.8087925021071 0.01 0.00643258196727333 0.79124 0.967236682027775 0.787704464054018 0.01 -49307.1633880099
"res.run" 23 0.2 0.1 0.7 0.751156961980789 0.935939306521807 0.7484 0.939467233077391 0.697911289798866 0.02 0.00637058418342505 0.7484 0.937032376245802 0.691569874712731 0.02 -47609.1010073057
"res.run" 24 0.2 0.2 0.6 0.704883073396052 0.899459911446839 0.70106 0.900017305554693 0.761887425783789 0.02 0.00763687918352759 0.70106 0.898132045875016 0.743899360006818 0.02 -45188.0432158804
"res.run" 25 0.2 0.3 0.5 0.658398665850026 0.857650588087702 0.65688 0.852534990849485 0.686731879748177 0.02 0.00422588572731601 0.65688 0.851938215333498 0.599547172985151 0.04 -42390.3679690724
"res.run" 26 0.2 0.4 0.4 0.611703739342711 0.809253079232398 0.60624 0.806159062278307 0.685445867339657 0.02 0.00434874077725009 0.60624 0.804990641175765 0.644860177458944 0.03 -38744.5708331034
"res.run" 27 0.2 0.5 0.3 0.564798293874107 0.752579224164258 0.56526 0.752628246785019 0.654310027491352 0.03 0.00615650841955189 0.56526 0.751699815953374 0.630218062563029 0.03 -34952.2859201497
"res.run" 28 0.2 0.6 0.2 0.517682329444213 0.685310207244957 0.51362 0.680032292462658 0.477439233645914 0.06 0.00660818000524692 0.51362 0.677953127012026 0.521579325957196 0.05 -29606.1147626621
"res.run" 29 0.2 0.7 0.1 0.47035584605303 0.604171724497292 0.46866 0.598320585961474 0.398477402640902 0.08 0.00932310608839433 0.46866 0.595608147624606 0.471108420163897 0.06 -23715.5305262503
"res.run" 30 0.2 0.8 0 0.422818843700558 0.504385316470038 0.42394 0.496738356888778 0.356124176854676 0.1 0.00925771675267664 0.42394 0.497459375345621 0.420746510844797 0.07 -15476.6184988607
"res.run" 31 0.3 0 0.7 0.705297751451596 0.959820389470816 0.70054 0.957828980194996 0.715713827937558 0.02 0.00646125740693816 0.70054 0.956050947358332 0.67077011641086 0.03 -43993.9825829726
"res.run" 32 0.3 0.1 0.6 0.658917846906745 0.922536071053802 0.65214 0.919956798352691 0.777090077275992 0.02 0.00711857182841175 0.65214 0.918113079909196 0.749955763802119 0.02 -41916.5670576662
"res.run" 33 0.3 0.2 0.5 0.612327423400604 0.879393892367107 0.6086 0.875843517419355 0.736137333188381 0.02 0.00643846419089599 0.6086 0.873964498371752 0.724766321723802 0.02 -39374.3259346853
"res.run" 34 0.3 0.3 0.4 0.565526480933175 0.828897889312018 0.56134 0.818403873301018 0.643211543670412 0.03 0.00657090269316711 0.56134 0.818030733027271 0.572829618637989 0.04 -36069.7902766861
"res.run" 35 0.3 0.4 0.3 0.518515019504456 0.768995298146231 0.51678 0.770376062006381 0.525457813700383 0.05 0.00628962886014818 0.51678 0.768217342359269 0.515655425601079 0.05 -32522.3580039935
"res.run" 36 0.3 0.5 0.2 0.471293039114448 0.696790925979135 0.47048 0.694061321267893 0.489366682990205 0.05 0.00636386923185327 0.47048 0.691232379136201 0.526164273470422 0.05 -27580.4843999162
"res.run" 37 0.3 0.6 0.1 0.423860539763151 0.608065591301394 0.42528 0.601372647247628 0.389956016345488 0.08 0.00637621655514887 0.42528 0.597526635123202 0.486488916932124 0.06 -21917.0740575478
"res.run" 38 0.3 0.7 0 0.376217521450564 0.496421594406426 0.37798 0.494998789533959 0.358878811220501 0.09 0.0119659490226887 0.37798 0.494309367384335 0.435351465527928 0.07 -13698.5630575592
"res.run" 39 0.4 0 0.6 0.612952325247317 0.949073369459682 0.60912 0.948172938188478 0.605768712299381 0.03 0.00692771411125738 0.60912 0.94553957441461 0.587873024335849 0.04 -38533.6516352683
"res.run" 40 0.4 0.1 0.5 0.566255885781063 0.9046754913962 0.55834 0.896587810570756 0.666456990097836 0.03 0.00689768735566429 0.55834 0.895653535340127 0.622486898475249 0.03 -35913.8265673724
"res.run" 41 0.4 0.2 0.4 0.519348927353519 0.852036245761804 0.51602 0.842870488548143 0.649259400237043 0.03 0.00534563086853652 0.51602 0.840464297622291 0.63748441245503 0.03 -33412.3710864831
"res.run" 42 0.4 0.3 0.3 0.472231449964685 0.788629377398907 0.46854 0.781764656217791 0.614262871333809 0.03 0.00647060623208672 0.46854 0.78094253969453 0.568807348549305 0.04 -29804.9299617495
"res.run" 43 0.4 0.4 0.2 0.424903453614563 0.710778581273423 0.4216 0.705228250625399 0.530731422371865 0.05 0.00809903957714013 0.4216 0.703973004651094 0.546061949754156 0.04 -25468.7065435707
"res.run" 44 0.4 0.5 0.1 0.377364938303151 0.612919022197066 0.3788 0.61484390709981 0.398147674485667 0.08 0.00828936806144843 0.3788 0.613508930654546 0.433998272639201 0.07 -19986.7595281091
"res.run" 45 0.4 0.6 0 0.32961590403045 0.486205967575789 0.33136 0.483904302730528 0.382995759567552 0.08 0.00994952809229045 0.33136 0.487204578565853 0.441223633470182 0.07 -11910.0471860607
"res.run" 46 0.5 0 0.5 0.520184052991401 0.934435564758177 0.51672 0.935692031658981 0.529913479592071 0.05 0.00706421274714719 0.51672 0.932795374648204 0.51244809155574 0.05 -32843.4101265994
"res.run" 47 0.5 0.1 0.4 0.473171078603743 0.879691014908996 0.46904 0.873682881405602 0.643063907773548 0.03 0.0062700832750091 0.46904 0.871368796209903 0.63102524831165 0.03 -30392.483804401
"res.run" 48 0.5 0.2 0.3 0.425947585254795 0.812530510476209 0.42216 0.811849078323176 0.450461707142266 0.06 0.00763254911488523 0.42216 0.810456915338352 0.424437746410954 0.07 -27037.2073730927
"res.run" 49 0.5 0.3 0.2 0.378513572944558 0.728194935661181 0.3761 0.728715407847588 0.393713419620898 0.08 0.00721623276591387 0.3761 0.731311506947049 0.355420347695236 0.1 -23246.7339292195
"res.run" 50 0.5 0.4 0.1 0.330869041673032 0.619136560401218 0.32654 0.613476640825599 0.353524986663466 0.1 0.00729059709747434 0.32654 0.610584447197875 0.420503595100317 0.07 -17726.2130554372
"res.run" 51 0.5 0.5 0 0.283013991440217 0.472625995360969 0.28642 0.472519465089281 0.256902391172782 0.15 0.0111792498635441 0.28642 0.475340208192463 0.291567518287924 0.13 -10141.2383999266
"res.run" 52 0.6 0 0.4 0.426992934683848 0.913327558601666 0.42118 0.915930373458538 0.533508074337255 0.05 0.00657257731108728 0.42118 0.915213206771737 0.471932492283303 0.06 -27037.6072233642
"res.run" 53 0.6 0.1 0.3 0.379663425374786 0.842259312256703 0.3714 0.828384145769419 0.506128066967041 0.05 0.00831852892455164 0.3714 0.828056716975537 0.463488415961194 0.06 -24092.8603646087
"res.run" 54 0.6 0.2 0.2 0.332123397104434 0.750476763100281 0.33026 0.732045635397736 0.443259114988081 0.07 0.00862380066408799 0.33026 0.735252237804273 0.379196725692147 0.09 -20734.4778115061
"res.run" 55 0.6 0.3 0.1 0.284372849872794 0.627387333374512 0.28088 0.617988524858369 0.251549863822065 0.16 0.00752176942526634 0.28088 0.61264791103178 0.294630240563285 0.13 -15577.8651289235
"res.run" 56 0.6 0.4 0 0.236411783679864 0.453692069602697 0.23294 0.442837970802742 0.216061535076297 0.19 0.0100584907203275 0.23294 0.439301078380393 0.28170103580473 0.13 -7940.79732166412
"res.run" 57 0.7 0 0.3 0.333378970324657 0.880243088141005 0.32762 0.876644506794725 0.34931699644842 0.1 0.00982908563207866 0.32762 0.874688113153859 0.325069583655478 0.11 -21103.0190298198
"res.run" 58 0.7 0.1 0.2 0.285732926094191 0.77999393461412 0.28364 0.784389612241265 0.273140658890434 0.14 0.00831224280648016 0.28364 0.782412446966231 0.259700092166308 0.15 -18145.4184221461
"res.run" 59 0.7 0.2 0.1 0.237876362902436 0.638863642546512 0.23752 0.639737035324219 0.225887047027466 0.18 0.00880336528594529 0.23752 0.638974443248109 0.230083184750006 0.18 -13680.648431656
"res.run" 60 0.7 0.3 0 0.189809280749392 0.425460574217787 0.18976 0.420046457687858 0.169225842905711 0.26 0.0163720667550353 0.18976 0.423882793496736 0.187779599453117 0.23 -6230.99519749716
"res.run" 61 0.8 0 0.2 0.239342159913828 0.820953729007103 0.23932 0.811608753456699 0.23029887802302 0.18 0.0106131039647129 0.23932 0.810210810326954 0.22790527445914 0.18 -15491.6198353232
"res.run" 62 0.8 0.1 0.1 0.191379580761959 0.655916514427495 0.1915 0.633567912253951 0.195333735258143 0.22 0.0108005434553686 0.1915 0.632163561445139 0.20127912047351 0.21 -11313.8698607206
"res.run" 63 0.8 0.2 0 0.1432064826488 0.378854440748491 0.14458 0.37332552245982 0.130954888859281 0.35 0.01827166073818 0.14458 0.37807382716911 0.142647669215949 0.32 -4391.67488595803
"res.run" 64 0.9 0 0.1 0.144882503451362 0.683915070519926 0.14156 0.676120556461508 0.141666011511433 0.32 0.0147080794853622 0.14156 0.675724539340368 0.141660494833 0.32 -8698.31107106599
"res.run" 65 0.9 0.1 0 0.0966033893780889 0.287280710777855 0.09658 0.259587662179597 0.0835460836329741 0.58 0.0271875113074355 0.09658 0.268628003128745 0.0920639407308932 0.52 -2313.48614146299
"res.run" 66 1 0 0 0.0500000009372583 0.0250000192384587 0.04976 0.025 0.0500000000000001 1 0.075251282345835 0.04976 0.0250001791596783 0.0500000440345971 1 25.6143279847987
