"" "" "" "" "" "" "Estimate" "l.CI" "u.CI" "res.text" "2.5%" "97.5%" "" "" ""
"res.run" 1 0 0 1 0.979796953754605 0.979806650382878 0.978463520943565 0.943378041923887 1 0.981 0.949 1 0.98 0.979105379250186 0.980798424808635
"res.run" 2 0 0.1 0.9 0.934366653973965 0.954714688106909 0.960599132324915 0.921982818423222 0.995836818707471 0.98 0.945 1 0.97 0.974303717626681 0.976348797966099
"res.run" 3 0 0.2 0.8 0.888725835232036 0.926923387140149 0.920725886968754 0.882681573933496 0.957537068070798 0.97 0.935 1 0.97 0.966901369779711 0.96945935027194
"res.run" 4 0 0.3 0.7 0.842874497528817 0.895973424211694 0.911623151676339 0.872384150801398 0.951632359761393 0.956 0.923 0.989 0.96 0.961939021485479 0.964837831240412
"res.run" 5 0 0.4 0.6 0.79681264086431 0.861294987463968 0.870946317828143 0.82931814505506 0.912072723486617 0.923 0.885 0.961 0.95 0.946754243304219 0.950663849134088
"res.run" 6 0 0.5 0.5 0.750540265238513 0.822172428836171 0.824058478188484 0.784150744611584 0.866355519837805 0.861 0.813 0.905 0.93 0.928014368141225 0.933113604166181
"res.run" 7 0 0.6 0.4 0.704057370651426 0.777694418685509 0.784474926613482 0.741548243783325 0.825611442773357 0.773 0.717 0.823 0.91 0.901961324202973 0.908614813074207
"res.run" 8 0 0.7 0.3 0.657363957103051 0.726682156362924 0.72665023790259 0.685878308916278 0.770377147549722 0.647 0.596 0.7 0.86 0.852974089079679 0.862408117406426
"res.run" 9 0 0.8 0.2 0.610460024593386 0.667583473464362 0.669637044178858 0.62977283892046 0.713097481082539 0.539 0.491 0.59 0.8 0.793758229829118 0.806198670480283
"res.run" 10 0 0.9 0.1 0.563345573122432 0.598312298826934 0.596400918507266 0.553513690973468 0.638642960383366 0.417 0.353 0.487 0.69 0.680246596453356 0.697494807299829
"res.run" 11 0 1 0 0.516020602690189 0.515997501366762 0.517356009091468 0.474188744052141 0.557678642831187 0.516 0.365 0.549 0.52 0.504325431315217 0.526621168259548
"res.run" 12 0.1 0 0.9 0.88872006570524 0.974543748081562 0.973252750736686 0.938232507033364 1 0.979 0.948 1 0.98 0.977679819474857 0.979477662050138
"res.run" 13 0.1 0.1 0.8 0.842973231003196 0.946368550913324 0.942047382262374 0.904919610509566 0.980352777239262 0.98 0.941 1 0.97 0.970059791643383 0.972413917347038
"res.run" 14 0.1 0.2 0.7 0.797015877339863 0.91480652087591 0.921995043797124 0.880748266516683 0.960388746039394 0.964 0.93 0.998 0.97 0.966142783585762 0.968755471638889
"res.run" 15 0.1 0.3 0.6 0.750848004715241 0.879209214020368 0.86830561012858 0.830127353360421 0.909210654470661 0.936 0.899 0.973 0.95 0.952708841960002 0.956231485766056
"res.run" 16 0.1 0.4 0.5 0.704469613129329 0.838751353923427 0.836670265743424 0.798902681852628 0.875779094147691 0.889 0.845 0.931 0.94 0.937129237531587 0.941656968297482
"res.run" 17 0.1 0.5 0.4 0.657880702582128 0.792366143273726 0.800228120573053 0.760044103932877 0.845056286541588 0.814 0.758 0.863 0.92 0.913330211475182 0.919333089523321
"res.run" 18 0.1 0.6 0.3 0.611081273073639 0.738649936842808 0.740331810281722 0.698195650206074 0.784009713338589 0.684 0.631 0.738 0.88 0.872868860890892 0.881229336407053
"res.run" 19 0.1 0.7 0.2 0.564071324603859 0.67571789479847 0.669488300588034 0.625935637721145 0.71457098863797 0.545 0.502 0.59 0.81 0.80095915333051 0.81306313187096
"res.run" 20 0.1 0.8 0.1 0.516850857172791 0.600978451280545 0.611145734569086 0.566318343605719 0.656627908633781 0.426 0.364 0.494 0.7 0.696055319599719 0.712699387134261
"res.run" 21 0.1 0.9 0 0.469419870780433 0.51076781749931 0.51610008835332 0.473150325290423 0.556471209167177 0.468 0.373 0.545 0.51 0.500060824615707 0.522438423633845
"res.run" 22 0.2 0 0.8 0.797220331604237 0.968045783947674 0.966393726442457 0.930364552769352 1 0.978 0.946 1 0.98 0.975861620770614 0.977792579754535
"res.run" 23 0.2 0.1 0.7 0.751156961980789 0.935939306521807 0.939399719795305 0.902875808766815 0.978572864746657 0.979 0.941 1 0.97 0.970332534943096 0.97266766760451
"res.run" 24 0.2 0.2 0.6 0.704883073396052 0.899459911446839 0.904632270230152 0.864928182032184 0.946361423831823 0.958 0.925 0.992 0.96 0.961657965421909 0.964577936576956
"res.run" 25 0.2 0.3 0.5 0.658398665850026 0.857650588087702 0.859776261262031 0.818601303318734 0.902480568353728 0.919 0.879 0.957 0.95 0.944762786210362 0.94880450973766
"res.run" 26 0.2 0.4 0.4 0.611703739342711 0.809253079232398 0.806801250550653 0.766811059813053 0.849591451560054 0.843 0.792 0.891 0.93 0.924854714909353 0.930155140984562
"res.run" 27 0.2 0.5 0.3 0.564798293874107 0.752579224164258 0.759409447805994 0.718407874805261 0.803164199927775 0.719 0.666 0.773 0.9 0.891586620876556 0.898891476180795
"res.run" 28 0.2 0.6 0.2 0.517682329444213 0.685310207244957 0.689865786288146 0.645527755344672 0.735029232603828 0.585 0.541 0.63 0.83 0.828353971681683 0.839091654460351
"res.run" 29 0.2 0.7 0.1 0.47035584605303 0.604171724497292 0.604601433878246 0.560983807867225 0.646965839760784 0.416 0.364 0.484 0.71 0.698746215673682 0.715343795161916
"res.run" 30 0.2 0.8 0 0.422818843700558 0.504385316470038 0.51877049662867 0.475261253398027 0.558936063421336 0.516 0.35 0.541 0.51 0.497709544859156 0.520128637772683
"res.run" 31 0.3 0 0.7 0.705297751451596 0.959820389470816 0.958225280330474 0.921695762945957 0.994295095967737 0.978 0.946 1 0.98 0.975221021255191 0.977200146201807
"res.run" 32 0.3 0.1 0.6 0.658917846906745 0.922536071053802 0.91459015112201 0.877068104825437 0.956057117451513 0.972 0.937 1 0.97 0.968228871628014 0.970706005616768
"res.run" 33 0.3 0.2 0.5 0.612327423400604 0.879393892367107 0.877845631537037 0.840834576251604 0.918091679012155 0.944 0.909 0.98 0.96 0.955597312776872 0.958927892542361
"res.run" 34 0.3 0.3 0.4 0.565526480933175 0.828897889312018 0.836121660795168 0.796534762405161 0.883156789589124 0.895 0.853 0.936 0.94 0.935206411074989 0.939855922430107
"res.run" 35 0.3 0.4 0.3 0.518515019504456 0.768995298146231 0.779009908932678 0.737476589747929 0.822365719385194 0.77 0.716 0.824 0.9 0.900661594593196 0.907432590182897
"res.run" 36 0.3 0.5 0.2 0.471293039114448 0.696790925979135 0.694256500975351 0.653265237779961 0.737299961039271 0.602 0.561 0.648 0.85 0.840073947568567 0.850205866479376
"res.run" 37 0.3 0.6 0.1 0.423860539763151 0.608065591301394 0.611766996549973 0.568309145426685 0.657694525129436 0.425 0.38 0.475 0.73 0.720502906304837 0.736257675418021
"res.run" 38 0.3 0.7 0 0.376217521450564 0.496421594406426 0.489655667566299 0.44395369426483 0.535644063196533 0.441 0.302 0.524 0.48 0.467676706574083 0.490679412081831
"res.run" 39 0.4 0 0.6 0.612952325247317 0.949073369459682 0.946838955478613 0.91090888429352 0.983495215855396 0.98 0.946 1 0.97 0.974190867027425 0.976246652733298
"res.run" 40 0.4 0.1 0.5 0.566255885781063 0.9046754913962 0.910088011644882 0.872562280240383 0.951966591575091 0.968 0.932 1 0.97 0.96513722667354 0.967819730470976
"res.run" 41 0.4 0.2 0.4 0.519348927353519 0.852036245761804 0.843938694493568 0.80451148080811 0.888059696486499 0.919 0.878 0.959 0.95 0.946715299140518 0.950634957305023
"res.run" 42 0.4 0.3 0.3 0.472231449964685 0.788629377398907 0.785883687980637 0.74471436857632 0.827469895950421 0.793 0.739 0.845 0.92 0.915084278751374 0.920988596102762
"res.run" 43 0.4 0.4 0.2 0.424903453614563 0.710778581273423 0.711968046157849 0.670150413971117 0.755448997339079 0.633 0.59 0.681 0.86 0.860042014381729 0.869110288814823
"res.run" 44 0.4 0.5 0.1 0.377364938303151 0.612919022197066 0.613433296757954 0.569668828388908 0.657632244581526 0.448 0.4 0.49 0.74 0.73003251834858 0.745375110405274
"res.run" 45 0.4 0.6 0 0.32961590403045 0.486205967575789 0.478097840931485 0.434600240922881 0.522417445229587 0.329 0.268 0.442 0.47 0.461422370479648 0.484459944514634
"res.run" 46 0.5 0 0.5 0.520184052991401 0.934435564758177 0.936914090245723 0.901202303412279 0.974503317949968 0.98 0.945 1 0.97 0.97284154719439 0.974939817892702
"res.run" 47 0.5 0.1 0.4 0.473171078603743 0.879691014908996 0.875390242687924 0.836645670362405 0.917929322694142 0.951 0.915 0.985 0.96 0.957832336802413 0.961014326349914
"res.run" 48 0.5 0.2 0.3 0.425947585254795 0.812530510476209 0.809159498116087 0.767962889698005 0.854823284472719 0.85 0.799 0.901 0.93 0.932182830915788 0.937033432547922
"res.run" 49 0.5 0.3 0.2 0.378513572944558 0.728194935661181 0.725443668874577 0.682826201765459 0.769213286109913 0.658 0.615 0.707 0.88 0.874119133695682 0.882433332640789
"res.run" 50 0.5 0.4 0.1 0.330869041673032 0.619136560401218 0.608185299901977 0.566610096346488 0.656034922810787 0.466 0.417 0.512 0.76 0.747735061368474 0.762333264376871
"res.run" 51 0.5 0.5 0 0.283013991440217 0.472625995360969 0.471277447647731 0.42768643857068 0.515693014910211 0.325 0.238 0.419 0.47 0.457729678536437 0.480824464158592
"res.run" 52 0.6 0 0.4 0.426992934683848 0.913327558601666 0.910088901385336 0.873773343131142 0.950072218428244 0.975 0.94 1 0.97 0.969378379585234 0.971787087184017
"res.run" 53 0.6 0.1 0.3 0.379663425374786 0.842259312256703 0.842137731414506 0.802995886716436 0.883339901085075 0.919 0.878 0.959 0.95 0.949269604781753 0.953025036033572
"res.run" 54 0.6 0.2 0.2 0.332123397104434 0.750476763100281 0.753697019140594 0.713331344748433 0.799363584747466 0.719 0.665 0.774 0.9 0.898746530882135 0.905638705396007
"res.run" 55 0.6 0.3 0.1 0.284372849872794 0.627387333374512 0.636930296442188 0.58602143989157 0.679508041707017 0.51 0.464 0.554 0.78 0.777663025471053 0.790921283535515
"res.run" 56 0.6 0.4 0 0.236411783679864 0.453692069602697 0.454021824786068 0.411212614736603 0.503142688311377 0.288 0.187 0.354 0.45 0.439125338988248 0.462387842752722
"res.run" 57 0.7 0 0.3 0.333378970324657 0.880243088141005 0.875843818811922 0.839351919192843 0.916807199660188 0.959 0.923 0.993 0.96 0.961039737461104 0.964010094268781
"res.run" 58 0.7 0.1 0.2 0.285732926094191 0.77999393461412 0.775180202029053 0.734470491215091 0.820579922328542 0.793 0.738 0.849 0.93 0.924913343116334 0.930228950336324
"res.run" 59 0.7 0.2 0.1 0.237876362902436 0.638863642546512 0.628712049428267 0.585073241519549 0.681219181281089 0.537 0.491 0.581 0.81 0.799833196383135 0.812047932520954
"res.run" 60 0.7 0.3 0 0.189809280749392 0.425460574217787 0.433258590952124 0.383153049105032 0.482939505400637 0.166 0.111 0.247 0.42 0.407322250418659 0.430968099707544
"res.run" 61 0.8 0 0.2 0.239342159913828 0.820953729007103 0.825174039022974 0.784658008380143 0.8644856850045 0.905 0.855 0.949 0.95 0.94845149076965 0.952273461414754
"res.run" 62 0.8 0.1 0.1 0.191379580761959 0.655916514427495 0.645270241845278 0.603404131129452 0.690038219005171 0.604 0.561 0.646 0.85 0.8485660893927 0.858309718966947
"res.run" 63 0.8 0.2 0 0.1432064826488 0.378854440748491 0.362564867396135 0.318954853649508 0.41168174583188 0.109 0.071 0.15 0.36 0.343968826815862 0.367710305342348
"res.run" 64 0.9 0 0.1 0.144882503451362 0.683915070519926 0.696454769723293 0.655786292081833 0.737735166682889 0.683 0.645 0.721 0.9 0.899140956253472 0.906073088182803
"res.run" 65 0.9 0.1 0 0.0966033893780889 0.287280710777855 0.274706178796193 0.228225969548561 0.330995175854675 0.071 0.037 0.105 0.26 0.249355919566684 0.271629444210432
"res.run" 66 1 0 0 0.0500000009372583 0.0250000192384587 0.0541320565690499 0.025 0.0926853903982265 0.025 0.025 0.055 0.05 0.05 0.0524452303621789
